<?xml version="1.0"?>
<opencv_storage>
<calibration_Time>"11/22/15 16:49:41"</calibration_Time>
<nrOfFrames>25</nrOfFrames>
<image_Width>640</image_Width>
<image_Height>480</image_Height>
<board_Width>9</board_Width>
<board_Height>6</board_Height>
<square_Size>20.</square_Size>
<FixAspectRatio>1.</FixAspectRatio>
<!-- flags:  +fix_aspectRatio +fix_principal_point +zero_tangent_dist -->
<flagValue>14</flagValue>
<Camera_Matrix type_id="opencv-matrix">
  <rows>3</rows>
  <cols>3</cols>
  <dt>d</dt>
  <data>
    5.1867677711815168e+002 0. 3.1950000000000000e+002 0.
    5.1867677711815168e+002 2.3950000000000000e+002 0. 0. 1.</data></Camera_Matrix>
<Distortion_Coefficients type_id="opencv-matrix">
  <rows>5</rows>
  <cols>1</cols>
  <dt>d</dt>
  <data>
    -4.4598023755380356e-002 7.5471776211525454e-001 0. 0.
    -1.6498664507299516e+000</data></Distortion_Coefficients>
<Avg_Reprojection_Error>6.5630056889357147e-001</Avg_Reprojection_Error>
<Per_View_Reprojection_Errors type_id="opencv-matrix">
  <rows>25</rows>
  <cols>1</cols>
  <dt>f</dt>
  <data>
    3.03926975e-001 2.85681754e-001 2.64958054e-001 2.45348752e-001
    2.60445446e-001 2.17823848e-001 2.05822021e-001 2.20568717e-001
    2.24566236e-001 2.85655856e-001 3.45781863e-001 3.42840374e-001
    5.06551206e-001 5.83171844e-001 4.11409587e-001 4.43384916e-001
    7.41426289e-001 2.07040524e+000 8.04655313e-001 1.74341488e+000
    3.21045190e-001 3.70570391e-001 2.19400316e-001 2.35263869e-001
    2.42454797e-001</data></Per_View_Reprojection_Errors>
<!-- a set of 6-tuples (rotation vector + translation vector) for each view -->
<Extrinsic_Parameters type_id="opencv-matrix">
  <rows>25</rows>
  <cols>6</cols>
  <dt>d</dt>
  <data>
    4.3486175148002168e-002 4.1905435609744923e-001
    2.9288175281818507e+000 7.2231054874535118e+001
    -3.0235117691683055e+001 4.0875000442190674e+002
    5.9298820751340180e-002 3.9242531842546136e-001
    2.9306867027171033e+000 7.3623363594458638e+001
    -2.8824261063573243e+001 4.0789110559893464e+002
    7.9069351793427625e-002 3.8205987057912577e-001
    2.9185133326017620e+000 7.5534389181912857e+001
    -2.6179821847823476e+001 4.0608497885118953e+002
    1.0112426175524664e-001 3.6783520301688155e-001
    2.9240537229923547e+000 7.3699609033572699e+001
    -2.4449551533276608e+001 4.0178815664331302e+002
    1.2317649603175027e-001 3.3522730279255603e-001
    2.9287284887464207e+000 7.0478150797884467e+001
    -2.2448648608119427e+001 3.9937168935416889e+002
    1.4957429550018334e-001 2.2510905936387629e-001
    2.9371349493855834e+000 6.8796744512309516e+001
    -2.6154032667340193e+001 3.8919142570770327e+002
    1.7461778865547317e-001 1.6641273482235541e-001
    2.9364112777803291e+000 7.2005316906255970e+001
    -2.3873381876569535e+001 3.8158322767986255e+002
    1.5223095994893737e-001 1.9437709380911158e-001
    2.9603443118978139e+000 7.0936866329479187e+001
    -2.4100650649593039e+001 3.8022779791963751e+002
    1.5350983218400846e-001 1.8461347558092503e-001
    2.9791774125195341e+000 7.0395695475335970e+001
    -2.4492013171292314e+001 3.7969152779264067e+002
    1.4373340165249904e-001 1.9734185143627231e-001
    3.0084770406497729e+000 7.0119844354852333e+001
    -2.3480537131306612e+001 3.7764170720452205e+002
    -7.5409376297350492e-002 -2.0400840131206208e-001
    -2.7636252326516924e+000 8.6473930127604120e+001
    -1.7080469450104763e+000 3.5185078672749597e+002
    -2.8798144128468133e-002 -1.9550186354588356e-001
    -2.7363117793750451e+000 8.9383089252594274e+001
    5.3453909159734296e+000 3.4636187137771611e+002
    -1.3956611363807587e-002 -1.5818592671449902e-001
    -2.7098072409821405e+000 9.0754555633405033e+001
    1.1927752891216882e+001 3.4370171600868395e+002
    5.8364075010575216e-002 -3.3790584093671672e-001
    -2.6660762476691993e+000 6.4248241093890670e+001
    9.2575500628953208e+001 3.0241415243373882e+002
    1.0533443856399696e-001 -3.5603932539080252e-001
    -2.6684446172832499e+000 7.1786565112496078e+001
    9.5826927469537821e+001 2.6221464482977166e+002
    1.2306364365580430e-001 -3.7114575660799359e-001
    -2.6781815334522867e+000 7.3022694303390892e+001
    9.5469909813139353e+001 2.6317706509085406e+002
    1.7043498074141869e-001 -3.1985502860439574e-001
    -2.7371012209417618e+000 7.9414117778411452e+001
    9.5831724867404475e+001 2.7113050876057923e+002
    1.7046361337011828e-001 -3.4604990641877437e-001
    -2.8439497062613452e+000 8.3879651053311562e+001
    9.2766535367820978e+001 2.6811271007180420e+002
    1.5273725265051816e-001 -3.4756992275448606e-001
    -3.0279612525435446e+000 9.4689776051858672e+001
    7.4689332630195906e+001 2.6312645655181620e+002
    -1.1680852393667777e-001 3.2087030048689508e-001
    3.1279339855203805e+000 1.0197112361476619e+002
    6.9750479493111271e+001 2.6022542566523350e+002
    3.3477594769114571e-001 2.5355777162248760e-001
    2.4678413944297612e+000 1.4475559137768073e+002
    3.7918287156692955e+001 2.8171117252656484e+002
    3.3073956116384479e-001 2.5988613962483248e-001
    2.4789519625800556e+000 1.4463215884013820e+002
    3.6868948155691250e+001 2.8241573786280804e+002
    3.8746367034749668e-001 2.8594280665850358e-001
    2.5082813519873115e+000 1.4421406418875821e+002
    -1.7797561197521972e+001 2.9483035165493618e+002
    3.7920435272584313e-001 2.7371750315607141e-001
    2.5053463394751470e+000 1.4396315457550617e+002
    -1.8194643530816858e+001 2.9575690105527178e+002
    3.8520911853284884e-001 2.5661007235237188e-001
    2.5097249580203465e+000 1.4394476263230155e+002
    -1.8448272385462047e+001 2.9613049127168534e+002</data></Extrinsic_Parameters>
