<?xml version="1.0"?>
<opencv_storage>
<calibration_Time>"11/22/15 17:07:04"</calibration_Time>
<nrOfFrames>4</nrOfFrames>
<image_Width>1280</image_Width>
<image_Height>720</image_Height>
<board_Width>9</board_Width>
<board_Height>6</board_Height>
<square_Size>1.</square_Size>
<FixAspectRatio>1.</FixAspectRatio>
<!-- flags:  +fix_aspectRatio +fix_principal_point +zero_tangent_dist -->
<flagValue>14</flagValue>
<Camera_Matrix type_id="opencv-matrix">
  <rows>3</rows>
  <cols>3</cols>
  <dt>d</dt>
  <data>
    9.5430611720234901e+002 0. 6.3950000000000000e+002 0.
    9.5430611720234901e+002 3.5950000000000000e+002 0. 0. 1.</data></Camera_Matrix>
<Distortion_Coefficients type_id="opencv-matrix">
  <rows>5</rows>
  <cols>1</cols>
  <dt>d</dt>
  <data>
    1.7118940040327907e-002 1.9911807846384977e-001 0. 0.
    -7.2942563328729504e-001</data></Distortion_Coefficients>
<Avg_Reprojection_Error>3.9494449858032216e-001</Avg_Reprojection_Error>
<Per_View_Reprojection_Errors type_id="opencv-matrix">
  <rows>4</rows>
  <cols>1</cols>
  <dt>f</dt>
  <data>
    5.32724023e-001 3.18176657e-001 3.45388621e-001 3.45832467e-001</data></Per_View_Reprojection_Errors>
<!-- a set of 6-tuples (rotation vector + translation vector) for each view -->
<Extrinsic_Parameters type_id="opencv-matrix">
  <rows>4</rows>
  <cols>6</cols>
  <dt>d</dt>
  <data>
    -3.4521286335401891e-001 -5.5624287411542939e-001
    -3.6370538521262114e-001 8.1502209346350996e-001
    -2.9043552458066850e+000 1.5005709340278244e+001
    1.3472145463583453e-003 -6.6967954888627543e-003
    -5.0073358587733430e-001 5.2212075145633152e-001
    -1.4005650407743906e+000 1.7810165534871281e+001
    -2.7099213185086422e-002 -3.1357639561281653e-002
    -2.2873920993497592e+000 9.0539635690349805e+000
    6.5706416371950729e+000 2.2249084485217221e+001
    1.0923973997219465e-002 6.2858655854075240e-002
    4.0582246182969989e-002 -3.4064076885723118e+000
    -2.2039538460123098e+000 1.6402120411300260e+001</data></Extrinsic_Parameters>
<Image_points type_id="opencv-matrix">
  <rows>4</rows>
  <cols>54</cols>
  <dt>"2f"</dt>
  <data>
    6.92579224e+002 1.74948700e+002 7.38753418e+002 1.66831451e+002
    7.81615295e+002 1.59002502e+002 8.22087280e+002 1.51963806e+002
    8.59775269e+002 1.45493439e+002 8.94839905e+002 1.39304565e+002
    9.28167297e+002 1.33477020e+002 9.60066528e+002 1.27738220e+002
    9.89789307e+002 1.22366570e+002 7.19480408e+002 2.29336304e+002
    7.65966492e+002 2.18644928e+002 8.08783142e+002 2.09068680e+002
    8.48385437e+002 2.00682343e+002 8.85595520e+002 1.92187195e+002
    9.21178528e+002 1.84363602e+002 9.53966553e+002 1.77031982e+002
    9.85267273e+002 1.70319107e+002 1.01435278e+003 1.64159271e+002
    7.48172241e+002 2.84692627e+002 7.93757202e+002 2.72259216e+002
    8.36351074e+002 2.60890442e+002 8.76003967e+002 2.50055313e+002
    9.13288757e+002 2.40198654e+002 9.47844604e+002 2.30550491e+002
    9.80459290e+002 2.21689911e+002 1.01127032e+003 2.13651825e+002
    1.03974353e+003 2.06044998e+002 7.77842102e+002 3.41679657e+002
    8.23861816e+002 3.26952942e+002 8.65863647e+002 3.12842041e+002
    9.05147400e+002 3.00394470e+002 9.41721680e+002 2.88727203e+002
    9.75833374e+002 2.78015717e+002 1.00791962e+003 2.67539398e+002
    1.03769092e+003 2.57993988e+002 1.06583386e+003 2.49202805e+002
    8.07698608e+002 4.01683350e+002 8.52517151e+002 3.84451874e+002
    8.94993774e+002 3.68178192e+002 9.34140076e+002 3.53078400e+002
    9.70710205e+002 3.39288971e+002 1.00468384e+003 3.26460388e+002
    1.03560388e+003 3.14529327e+002 1.06578589e+003 3.03346649e+002
    1.09270081e+003 2.93078125e+002 8.39959351e+002 4.62116638e+002
    8.84646545e+002 4.42272339e+002 9.25418701e+002 4.24464081e+002
    9.64105713e+002 4.07721497e+002 1.00014160e+003 3.91725525e+002
    1.03346875e+003 3.76848480e+002 1.06504272e+003 3.63027496e+002
    1.09307178e+003 3.50741211e+002 1.12076038e+003 3.37983002e+002
    6.67528503e+002 2.84410614e+002 7.14394287e+002 2.58666809e+002
    7.61281067e+002 2.33034225e+002 8.08143188e+002 2.07225372e+002
    8.55296997e+002 1.81264908e+002 9.02442261e+002 1.55412827e+002
    9.50088745e+002 1.29360947e+002 9.97540771e+002 1.03180794e+002
    1.04470923e+003 7.74427414e+001 6.93401489e+002 3.31507935e+002
    7.40242371e+002 3.05743134e+002 7.87125732e+002 2.80031219e+002
    8.33864136e+002 2.54411575e+002 8.81189392e+002 2.28471451e+002
    9.28501038e+002 2.02520294e+002 9.76009888e+002 1.76529419e+002
    1.02341547e+003 1.50646729e+002 1.07026697e+003 1.24925735e+002
    7.19192993e+002 3.78483429e+002 7.65970886e+002 3.52690521e+002
    8.12734070e+002 3.27054962e+002 8.59843994e+002 3.01234497e+002
    9.07178345e+002 2.75597260e+002 9.54528015e+002 2.49661819e+002
    1.00184131e+003 2.23762878e+002 1.04927417e+003 1.98000504e+002
    1.09566748e+003 1.72242859e+002 7.44762573e+002 4.25386871e+002
    7.91795654e+002 3.99686310e+002 8.38944214e+002 3.74117340e+002
    8.85923950e+002 3.48322693e+002 9.33075684e+002 3.22676819e+002
    9.80344971e+002 2.96824707e+002 1.02795947e+003 2.70976410e+002
    1.07470618e+003 2.45224304e+002 1.12136414e+003 2.19550369e+002
    7.70305054e+002 4.72110931e+002 8.17239929e+002 4.46418671e+002
    8.64451599e+002 4.20966003e+002 9.11797302e+002 3.95395813e+002
    9.59186157e+002 3.69827820e+002 1.00649292e+003 3.43998260e+002
    1.05371509e+003 3.18310730e+002 1.10048035e+003 2.92521637e+002
    1.14599988e+003 2.66858154e+002 7.96342163e+002 5.19112488e+002
    8.43388611e+002 4.93549347e+002 8.90285400e+002 4.67864899e+002
    9.37425537e+002 4.42453339e+002 9.85191345e+002 4.16769165e+002
    1.03235229e+003 3.91185730e+002 1.07940527e+003 3.65523285e+002
    1.12544360e+003 3.39734894e+002 1.17164636e+003 3.14169312e+002
    1.03011902e+003 6.43340149e+002 1.00128351e+003 6.10606262e+002
    9.72274658e+002 5.77445984e+002 9.43119385e+002 5.44693054e+002
    9.14316467e+002 5.11805389e+002 8.85445068e+002 4.79318787e+002
    8.56945679e+002 4.46850159e+002 8.28776306e+002 4.14622040e+002
    8.00910156e+002 3.82492523e+002 1.06180811e+003 6.14419067e+002
    1.03364648e+003 5.81658936e+002 1.00465015e+003 5.49151428e+002
    9.75380249e+002 5.16105469e+002 9.46452820e+002 4.83556000e+002
    9.17844788e+002 4.51185028e+002 8.89179504e+002 4.18827026e+002
    8.60931335e+002 3.86680634e+002 8.32941895e+002 3.54652618e+002
    1.09408289e+003 5.85731812e+002 1.06540198e+003 5.53048889e+002
    1.03684009e+003 5.20476074e+002 1.00788062e+003 4.87990540e+002
    9.78953308e+002 4.55223938e+002 9.50052795e+002 4.23231049e+002
    9.21426270e+002 3.90746185e+002 8.93192322e+002 3.58707214e+002
    8.64869629e+002 3.26829407e+002 1.12562976e+003 5.57017822e+002
    1.09780823e+003 5.24794434e+002 1.06915869e+003 4.92066437e+002
    1.04041907e+003 4.59533813e+002 1.01133801e+003 4.27261444e+002
    9.82582275e+002 3.94864410e+002 9.53880066e+002 3.62876770e+002
    9.25170349e+002 3.30989136e+002 8.97029785e+002 2.99110504e+002
    1.15646008e+003 5.28183472e+002 1.12860510e+003 4.96114075e+002
    1.10085730e+003 4.63640015e+002 1.07230994e+003 4.31543030e+002
    1.04355237e+003 3.98945099e+002 1.01487567e+003 3.67045502e+002
    9.86265808e+002 3.34896149e+002 9.57573792e+002 3.03103607e+002
    9.29166565e+002 2.71508301e+002 1.18807178e+003 4.99832062e+002
    1.16034875e+003 4.67717285e+002 1.13208008e+003 4.35471252e+002
    1.10403613e+003 4.03425049e+002 1.07555725e+003 3.71196259e+002
    1.04701196e+003 3.38860535e+002 1.01814392e+003 3.07062347e+002
    9.89396240e+002 2.75380859e+002 9.61408386e+002 2.43638046e+002
    4.41202820e+002 2.30763672e+002 4.98712769e+002 2.32616013e+002
    5.56566040e+002 2.34506485e+002 6.15170715e+002 2.36501755e+002
    6.73956177e+002 2.38441498e+002 7.33200317e+002 2.40487869e+002
    7.92716736e+002 2.42632309e+002 8.53430359e+002 2.44294800e+002
    9.14416016e+002 2.46231537e+002 4.39194275e+002 2.89297791e+002
