<?xml version="1.0"?>
<opencv_storage>
<calibration_Time>"11/17/15 12:54:16"</calibration_Time>
<nrOfFrames>13</nrOfFrames>
<image_Width>640</image_Width>
<image_Height>480</image_Height>
<board_Width>9</board_Width>
<board_Height>6</board_Height>
<square_Size>20.</square_Size>
<FixAspectRatio>1.</FixAspectRatio>
<!-- flags:  +fix_aspectRatio +fix_principal_point +zero_tangent_dist -->
<flagValue>14</flagValue>
<Camera_Matrix type_id="opencv-matrix">
  <rows>3</rows>
  <cols>3</cols>
  <dt>d</dt>
  <data>
    5.3861174875953725e+002 0. 3.1950000000000000e+002 0.
    5.3861174875953725e+002 2.3950000000000000e+002 0. 0. 1.</data></Camera_Matrix>
<Distortion_Coefficients type_id="opencv-matrix">
  <rows>5</rows>
  <cols>1</cols>
  <dt>d</dt>
  <data>
    -2.8604212910684512e-001 5.7081637201554715e-002 0. 0.
    1.1140387957400077e-001</data></Distortion_Coefficients>
<Avg_Reprojection_Error>4.8340822886880003e-001</Avg_Reprojection_Error>
<Per_View_Reprojection_Errors type_id="opencv-matrix">
  <rows>13</rows>
  <cols>1</cols>
  <dt>f</dt>
  <data>
    4.03460115e-001 1.93373069e-001 1.20994210e+000 2.54917979e-001
    2.52460867e-001 4.09353197e-001 2.50597149e-001 3.24422330e-001
    4.69255358e-001 3.42905939e-001 4.08384621e-001 4.33381319e-001
    4.65866655e-001</data></Per_View_Reprojection_Errors>
<!-- a set of 6-tuples (rotation vector + translation vector) for each view -->
<Extrinsic_Parameters type_id="opencv-matrix">
  <rows>13</rows>
  <cols>6</cols>
  <dt>d</dt>
  <data>
    -1.3998156773479006e-001 -4.4207670564738694e-001
    1.3450352451597489e+000 4.6628082496863115e+001
    -8.8363942618105753e+001 2.4896562593606620e+002
    1.7275488482577173e-001 3.1066273793506943e-001
    1.2802406467155797e-002 -4.6387671518580305e+001
    -8.9633922893827702e+001 3.2319212779552555e+002
    3.9226399221170805e-001 6.8953736840756685e-001
    -1.3474174031152730e+000 -3.4705632065810391e+001
    6.4314535471015290e+001 2.8636449682927577e+002
    -2.6971850107555578e-001 2.2157515511245926e-001
    3.6178161659751940e-001 -2.1024962915210885e+001
    -8.2111717906375688e+001 2.5641431395038495e+002
    -1.0846413654218996e-001 2.7548815084748007e-001
    1.4586702371569883e-003 -6.7449431437678385e+001
    -5.5783608788725708e+001 2.6841059319566796e+002
    -2.6441280552951479e-001 4.5879859882249002e-001
    1.3221176103079224e+000 5.7616663851281089e+001
    -9.3870467579853994e+001 2.5229882967502164e+002
    4.3954012185731178e-001 3.2067703323716107e-001
    1.6426245196507021e+000 1.4570955050260264e+002
    -5.4526293645212654e+001 2.6599379905064160e+002
    2.2144863775888912e-001 3.7030581364542986e-001
    1.8681129899802595e+000 2.8993866065594606e+001
    -5.9687316997458169e+001 3.1096560279557508e+002
    -5.5225682967384920e-002 5.0455131590993207e-001
    1.7596061270111949e+000 7.4058483825742940e+001
    -7.2020321307802007e+001 2.5127667976186291e+002
    2.1237436318801181e-001 -3.8609176234917553e-001
    1.2716963734531445e-001 -4.3395386618137323e+001
    -6.6447068219638709e+001 2.2501314003246409e+002
    -3.8735232443861239e-001 -4.6996434192601516e-001
    1.3394992893449700e+000 4.8988898620589879e+001
    -9.0719158159076130e+001 2.6933314631550701e+002
    -2.0710817390913092e-001 3.7538530877901100e-001
    1.5385702244614838e+000 5.1609696206749746e+001
    -8.3749214332133889e+001 2.5642979361420129e+002
    4.9448134370665259e-001 -2.5363339274033503e-001
    1.2265520291412320e+000 3.6946282631408607e+001
    -7.5018629357683068e+001 2.3265549439471945e+002</data></Extrinsic_Parameters>
<Image_points type_id="opencv-matrix">
  <rows>13</rows>
  <cols>54</cols>
  <dt>"2f"</dt>
  <data>
    4.16294342e+002 5.73462296e+001 4.21864868e+002 9.76718063e+001
    4.27285309e+002 1.38128586e+002 4.32283752e+002 1.77880798e+002
    4.36680115e+002 2.16690170e+002 4.40844574e+002 2.54490860e+002
    4.44423309e+002 2.90700562e+002 4.47860901e+002 3.25575500e+002
    4.50449036e+002 3.58197144e+002 3.80865479e+002 6.01977654e+001
    3.87012207e+002 1.02234604e+002 3.92793915e+002 1.44085648e+002
    3.98229858e+002 1.85231796e+002 4.03402405e+002 2.25415070e+002
    4.08168396e+002 2.64161682e+002 4.12589111e+002 3.01507172e+002
    4.16659485e+002 3.37172211e+002 4.20405151e+002 3.70780823e+002
    3.42647766e+002 6.39820366e+001 3.49344543e+002 1.07348198e+002
    3.55572205e+002 1.50709747e+002 3.61665833e+002 1.93320206e+002
    3.67558807e+002 2.34682968e+002 3.73128448e+002 2.74636230e+002
    3.78397369e+002 3.12850006e+002 3.83430878e+002 3.49319550e+002
    3.87981445e+002 3.83470703e+002 3.01829102e+002 6.85016403e+001
    3.08606049e+002 1.13387024e+002 3.15774658e+002 1.58226212e+002
    3.22431976e+002 2.02063660e+002 3.29213837e+002 2.44605240e+002
    3.35691711e+002 2.85511444e+002 3.42056763e+002 3.24716553e+002
    3.47939880e+002 3.61746094e+002 3.53820068e+002 3.96506561e+002
    2.58325562e+002 7.41759491e+001 2.65648529e+002 1.20342834e+002
    2.73181519e+002 1.66453735e+002 2.80653107e+002 2.11472931e+002
    2.88353088e+002 2.55043350e+002 2.95914093e+002 2.96884857e+002
    3.03450531e+002 3.37009247e+002 3.10638428e+002 3.74661194e+002
    3.17494263e+002 4.09630463e+002 2.12636963e+002 8.05986710e+001
    2.20409393e+002 1.28112991e+002 2.28467133e+002 1.75198212e+002
    2.36967041e+002 2.21386032e+002 2.45638794e+002 2.66103149e+002
    2.54309723e+002 3.08692932e+002 2.63062531e+002 3.49228241e+002
    2.71656281e+002 3.87446564e+002 2.79946289e+002 4.22727783e+002
    2.44406769e+002 9.41365204e+001 2.74395813e+002 9.22103271e+001
    3.05502899e+002 9.03202286e+001 3.38311646e+002 8.87927780e+001
    3.71721252e+002 8.78762665e+001 4.06455688e+002 8.67116470e+001
    4.41635803e+002 8.62466736e+001 4.77622681e+002 8.62217865e+001
    5.13768127e+002 8.65294418e+001 2.44889969e+002 1.26179314e+002
    2.74704559e+002 1.24875961e+002 3.06062805e+002 1.23983727e+002
    3.38623901e+002 1.23085480e+002 3.72249237e+002 1.22286339e+002
    4.06666351e+002 1.22141472e+002 4.42087555e+002 1.22086357e+002
    4.78016876e+002 1.22238617e+002 5.14271606e+002 1.22784706e+002
    2.45355911e+002 1.58276794e+002 2.75250000e+002 1.58050430e+002
    3.06545837e+002 1.57648071e+002 3.38891602e+002 1.57398346e+002
    3.72385498e+002 1.57415909e+002 4.06800812e+002 1.57496490e+002
    4.42110077e+002 1.57886719e+002 4.77914734e+002 1.58323273e+002
    5.13886963e+002 1.59375763e+002 2.46349197e+002 1.90389099e+002
    2.75859100e+002 1.90516754e+002 3.07084076e+002 1.91059174e+002
    3.39264191e+002 1.91560211e+002 3.72576538e+002 1.92044983e+002
    4.06767487e+002 1.92521912e+002 4.41712799e+002 1.93620789e+002
    4.77408478e+002 1.94334076e+002 5.13077393e+002 1.95623001e+002
    2.47350464e+002 2.22271698e+002 2.76926270e+002 2.23412094e+002
    3.07562439e+002 2.24257202e+002 3.39554474e+002 2.25401108e+002
    3.72705872e+002 2.26323166e+002 4.06593506e+002 2.27648132e+002
    4.41249695e+002 2.28629303e+002 4.76691406e+002 2.30001801e+002
    5.11917786e+002 2.31575119e+002 2.48923523e+002 2.53592636e+002
    2.77595795e+002 2.55093399e+002 3.08493011e+002 2.56514862e+002
    3.40011597e+002 2.58242126e+002 3.72682922e+002 2.59910431e+002
    4.06221558e+002 2.61701111e+002 4.40503387e+002 2.63232697e+002
    4.75321808e+002 2.64625122e+002 5.10365173e+002 2.66202393e+002
    2.56438416e+002 3.62335632e+002 2.55237549e+002 3.34424438e+002
    2.54305267e+002 3.08908417e+002 2.53285324e+002 2.80396210e+002
    2.52632645e+002 2.48559570e+002 2.51751678e+002 2.12814545e+002
    2.51259506e+002 1.72682373e+002 2.51095459e+002 1.27983505e+002
    2.51463165e+002 7.81900940e+001 2.91015137e+002 3.69226959e+002
    2.92614044e+002 3.43450134e+002 2.93632965e+002 3.18090576e+002
    2.95141296e+002 2.89763519e+002 2.96853302e+002 2.58062897e+002
    2.98762482e+002 2.22360321e+002 3.01109711e+002 1.82124344e+002
    3.03762482e+002 1.36982285e+002 3.07057343e+002 8.67120438e+001
